0.01486421611543173
0.012955862878663158
0.01290753960770829
0.013863683941350728
0.014200070428824459
0.013203587464259906
0.01371521841357317
0.015043201023533098
0.012251703699126065
0.010908434111988254
0.013157499570206004
0.01259354148492939
0.013678000699874498
0.010575898219956244
0.01227733933451123
0.01207327769811642
0.013175735113600857
0.012179940975797388
0.013350382127012532
0.011190933911934101
0.008997297147453027
0.008681658130574883
0.010718997603522292
0.010769833646431368
0.010313832640059528
0.00992382851456329
0.009694214940025534
0.009316125133002909
0.009946904202569783
0.008823810107494428
0.009427273110784817
