0.004584609685463715
0.005005515282843841
0.0044301905599306145
0.004387720949359552
0.005230785818356871
0.005187108164620837
0.0045572551010422385
0.005418039709256264
0.004473478781916837
0.005517874386424502
0.004188629519716947
0.005422626614251024
0.005237603622072514
0.004417540186318451
0.004241929118412876
0.004566802633633525
0.005156064440260595
0.004064490267138616
0.004485893980149285
0.0054089168967723636
0.005104085665455595
0.00449775449888671
0.004444396491002937
0.005182372749028095
0.004624053351256176
0.00498285313938174
0.004266313929933464
0.005349311104834699
