0.004584609685463715
0.005005515282843841
0.0044301905599306145
0.004387720949359552
0.005230785818356871
0.005187108164620837
0.0045572551010422385
0.005418039709256264
0.004473478781916837
0.005517874386424502
0.004188629519716947
0.005422626614251024
0.005237603622072514
0.004417540186318451
0.004241929118412876
0.004566802633633525
0.005156064440260595
0.004064490267138616
0.004485893980149285
0.0054089168967723636
0.005104085665455595
0.00449775449888671
0.004444396491002937
0.005182372749028095
0.004624053351256176
0.00498285313938174
0.004266313929933464
0.005349311104834699
0.005011281961891905
0.004588640946770672
0.004616422135827507
0.0052384130722722974
0.004653556403608296
0.004953502867421226
0.004928409664343164
0.004296830196437477
0.0043635611707879395
0.004930645570791113
0.00544233813291422
0.004858166282856791
0.004981535922446767
0.005808779201966275
0.00449813080733519
0.005144809359234427
0.005010781569589199
0.005502252720226266
0.00571240658826075
0.005078519661148056
0.005763753090805368
0.004050600664709804
0.00527773798276828
0.005613094241429315
0.00511940694111368
0.005026264334743165
0.005490729729575144
0.005176501078081487
0.005179247846081678
0.0047424622969048985
0.004806465650459281
0.0053104465138460585
0.005256225777785531
0.005397640861549738
0.004819155383035919
0.004540194872636175
0.005116012077604522
0.004204575353050076
0.004970130890651278
0.005649269666561305
0.005182145201682474
0.00533498500755744
0.005477559596861717
0.006020241098473902
0.004845568255576225
0.0045845591330147
0.005157540296988044
0.005109548702256944
0.0057314615949713875
